PGC's to derive measuring points


MANDT	 ZPRODH3	 ZCOLNR
X	 X	
Client	 AM: Product Hierarchy L3 - PGC	 AM: Column number
MANDT-CLNT(3)	 ZPRODH3-CHAR(4)	 ZCHAR3-CHAR(3)
100	 1010	 D01
100	 1011	 D01
100	 1023	 D01
100	 110	 Y01
100	 1101	 D01
100	 1102	 D01
100	 1103	 D01
100	 1104	 D01
100	 111	 Y01
100	 112	 Y01
100	 1121	 D01
100	 1122	 D01
100	 1123	 D01
100	 113	 Y01
100	 1130	 D01
100	 1131	 D01
100	 1202	 D01
100	 1203	 D01
100	 1204	 D01
100	 1207	 D01
100	 1208	 D01
100	 1209	 D01
100	 1210	 D01
100	 1211	 D01
100	 1212	 D01
100	 1232	 D01
100	 1233	 D01
100	 1241	 D01
100	 1242	 D01
100	 1243	 D01
100	 1244	 D01
100	 1260	 D01
100	 1281	 D01
100	 1282	 D01
100	 1283	 D01
100	 1285	 D01
100	 1286	 D01
100	 130	 Y01
100	 1302	 D01
100	 131	 Y01
100	 1310	 D01
100	 1311	 D01
100	 1315	 D01
100	 1316	 D01
100	 1317	 D01
100	 134	 Y01
100	 1340	 D01
100	 1360	 D01
100	 1361	 D01
100	 1362	 D01
100	 1363	 D01
100	 1364	 D01
100	 1365	 D01
100	 1366	 D01
100	 1367	 D01
100	 1380	 D01
100	 1381	 D01
100	 1382	 D01
100	 140	 Y01
100	 144	 Y01
100	 1501	 D01
100	 1502	 D01
100	 1510	 D01
100	 1550	 D01
100	 1551	 D01
100	 1552	 D01
100	 1560	 D01
100	 1561	 D01
100	 1562	 D01
100	 1601	 D01
100	 1602	 D01
100	 1610	 D01
100	 1620	 D01
100	 1631	 D01
100	 1632	 D01
100	 1650	 D01
100	 1651	 D01
100	 1652	 D01
100	 1660	 D01
100	 1661	 D01
100	 170	 Y01
100	 1701	 D01
100	 1702	 D01
100	 171	 Y01
100	 17A	 Y01
100	 180	 Y01
100	 181	 Y01
100	 18A	 Y01
100	 190	 Y01
100	 19A	 Y01
100	 2101	 D01
100	 2102	 D01
100	 2103	 D01
100	 2104	 D01
100	 2105	 D01
100	 2106	 D01
100	 2107	 D01
100	 2110	 D01
100	 2111	 D01
100	 2112	 D01
100	 2113	 D01
100	 2114	 D01
100	 2115	 D01
100	 2120	 D01
100	 2201	 D01
100	 2202	 D01
100	 2203	 D01
100	 221	 Y02
100	 2211	 D01
100	 2212	 D01
100	 2221	 D01
100	 2222	 D01
100	 223	 Y03
100	 2301	 D01
100	 2302	 D01
100	 2303	 D01
100	 2304	 D01
100	 2381	 D01
100	 2401	 D01
100	 2402	 D01
100	 2501	 D01
100	 2502	 D01
100	 2601	 D01
100	 2701	 D01
100	 2801	 D01
100	 2902	 D01
100	 2903	 D01
100	 2904	 D01
100	 3101	 D01
100	 3202	 D01
100	 3203	 D01
100	 3212	 D01
100	 3301	 D01
100	 3302	 D01
100	 3401	 D01
100	 400	 002
100	 400P	 074
100	 400U	 002
100	 400X	 002
100	 401	 002
100	 401U	 002
100	 401X	 002
100	 402	 002
100	 402U	 002
100	 402X	 002
100	 403	 002
100	 403B	 002
100	 403U	 002
100	 403X	 002
100	 404	 002
100	 404U	 002
100	 404X	 002
100	 405	 002
100	 405U	 002
100	 405X	 002
100	 406	 002
100	 406U	 002
100	 406X	 002
100	 410	 032
100	 410U	 032
100	 410X	 032
100	 411	 032
100	 411U	 032
100	 411X	 032
100	 412	 038
100	 412U	 038
100	 412X	 038
100	 413	 038
100	 413U	 038
100	 413X	 038
100	 414	 032
100	 414U	 032
100	 414X	 032
100	 415	 007
100	 415X	 007
100	 417	 032
100	 417X	 032
100	 418	 032
100	 418U	 032
100	 418X	 032
100	 419	 074
100	 41BM	 001
100	 41BS	 001
100	 420	 024
100	 420U	 024
100	 420X	 024
100	 421	 024
100	 421U	 024
100	 421X	 024
100	 422	 034
100	 422H	 034
100	 422U	 034
100	 422X	 034
100	 423	 034
100	 423U	 034
100	 423X	 034
100	 424	 034
100	 424U	 034
100	 424X	 034
100	 425	 034
100	 425X	 034
100	 426	 034
100	 426X	 034
100	 427	 034
100	 427X	 034
100	 428	 034
100	 428X	 034
100	 429	 034
100	 429X	 034
100	 42B	 028
100	 42I	 028
100	 42M	 028
100	 440	 008
100	 440M	 008
100	 441	 008
100	 441M	 008
100	 442	 008
100	 442M	 008
100	 443	 008
100	 443M	 008
100	 444	 008
100	 444M	 008
100	 445	 008
100	 445M	 008
100	 446	 008
100	 446M	 008
100	 447	 008
100	 447M	 008
100	 447P	 008
100	 447Q	 008
100	 448	 008
100	 448M	 008
100	 44L1	 008
100	 44L2	 008
100	 44L3	 074
100	 44L4	 074
100	 44L5	 074
100	 44LU	 074
100	 451	 016
100	 451A	 016
100	 451M	 016
100	 452	 014
100	 452A	 014
100	 452M	 014
100	 453	 033
100	 453A	 033
100	 453M	 033
100	 454	 044
100	 454A	 044
100	 454M	 044
100	 455	 047
100	 455A	 047
100	 455M	 047
100	 456	 045
100	 456A	 045
100	 456M	 045
100	 457	 037
100	 457A	 043
100	 457M	 037
100	 458	 043
100	 458A	 043
100	 458M	 043
100	 459	 026
100	 459M	 026
100	 45A	 008
100	 45AA	 008
100	 45AM	 008
100	 45B	 010
100	 45BA	 010
100	 45BM	 010
100	 45C	 010
100	 45CA	 010
100	 45CM	 010
100	 45D	 044
100	 45DA	 010
100	 45DM	 044
100	 45E	 044
100	 45F	 047
100	 45G	 033
100	 45H0	 011
100	 45H1	 011
100	 45H2	 033
100	 45H5	 054
100	 45H6	 006
100	 45H8	 119
100	 45H9	 119
100	 45HT	 001
100	 45L4	 044
100	 45L5	 074
100	 45L7	 044
100	 45LD	 074
100	 45LG	 074
100	 45N4	 074
100	 45N5	 074
100	 45NA	 074
100	 45ND	 074
100	 45P	 037
100	 45P1	 043
100	 45P2	 082
100	 45P7	 043
100	 45P8	 084
100	 45PM	 118
100	 45Q	 001
100	 45Q1	 124
100	 45Q2	 033
100	 45Q3	 033
100	 45QA	 074
100	 45QB	 074
100	 45QC	 074
100	 45QM	 118
100	 45S	 008
100	 45S0	 008
100	 45S1	 124
100	 45S2	 008
100	 45S3	 008
100	 45S9	 074
100	 45SA	 074
100	 45SB	 010
100	 45SC	 074
100	 45SF	 074
100	 45U1	 074
100	 45U2	 081
100	 45U7	 074
100	 45U8	 083
100	 45VT	 001
100	 45W	 001
100	 45X	 001
100	 45Y	 045
100	 45Y6	 045
100	 45Y8	 074
100	 45Z2	 116
100	 45Z6	 074
100	 45Z8	 043
100	 460	 006
100	 460M	 006
100	 461	 005
100	 461M	 005
100	 462	 002
100	 462M	 002
100	 463	 004
100	 464	 001
100	 465	 001
100	 466	 001
100	 466M	 001
100	 467	 001
100	 467M	 001
100	 468	 001
100	 468M	 001
100	 469	 001
100	 46A	 027
100	 46AM	 027
100	 46B	 006
100	 46BM	 006
100	 46C	 005
100	 46CM	 005
100	 46CX	 074
100	 46D	 035
100	 46K	 001
100	 46L0	 074
100	 46L1	 074
100	 46L2	 074
100	 46L3	 004
100	 46LB	 074
100	 46LC	 074
100	 46LD	 074
100	 46LN	 074
100	 46LO	 074
100	 46V5	 074
100	 46V6	 001
100	 46V7	 001
100	 46V8	 001
100	 46V9	 074
100	 46VG	 074
100	 46VK	 074
100	 470	 011
100	 470A	 011
100	 470M	 001
100	 471	 023
100	 471A	 023
100	 471M	 001
100	 472	 015
100	 472M	 072
100	 474	 054
100	 474A	 054
100	 474M	 018
100	 475	 054
100	 475A	 054
100	 475M	 018
100	 476	 058
100	 476A	 058
100	 476M	 018
100	 478A	 058
100	 47A	 031
100	 47AA	 009
100	 47AM	 001
100	 47B	 031
100	 47BA	 009
100	 47BM	 001
100	 47C	 036
100	 47CA	 036
100	 47CM	 009
100	 47D	 039
100	 47DA	 009
100	 47DM	 009
100	 47E	 009
100	 47EA	 009
100	 47G	 042
100	 47GA	 009
100	 47GM	 009
100	 47L0	 074
100	 47L1	 074
100	 47L2	 074
100	 47L3	 023
100	 47L4	 074
100	 47L5	 054
100	 47L9	 074
100	 47LB	 110
100	 47LC	 127
100	 47LD	 110
100	 47N0	 074
100	 47N1	 074
100	 47N3	 074
100	 47N4	 074
100	 47N5	 061
100	 47NB	 115
100	 47NC	 115
100	 47ND	 115
100	 47V6	 086
100	 47V8	 074
100	 47VE	 110
100	 47VG	 110
100	 47W6	 074
100	 47W8	 058
100	 47WE	 115
100	 47WG	 115
100	 482	 053
100	 484	 062
100	 484D	 062
100	 485	 063
100	 486	 077
100	 487	 077
100	 488	 077
100	 48A	 040
100	 48B	 046
100	 48C	 048
100	 48D	 064
100	 48E	 066
100	 48F	 049
100	 48G	 085
100	 48H	 059
100	 48J	 041
100	 48K	 008
100	 48M	 062
100	 48N	 064
100	 48P	 061
100	 48Q	 068
100	 48R	 067
100	 48S	 069
100	 48T	 076
100	 48TA	 085
100	 48TB	 041
100	 48U	 076
100	 48Y	 076
100	 490	 074
100	 490M	 078
100	 491M	 078
100	 492M	 078
100	 494	 074
100	 494M	 078
100	 495M	 078
100	 496M	 074
100	 497M	 078
100	 498M	 078
100	 49AM	 078
100	 49B	 074
100	 49BM	 078
100	 49DM	 078
100	 49E	 074
100	 49EM	 078
100	 49FM	 078
100	 49G	 001
100	 49H0	 078
100	 49H1	 078
100	 49H2	 078
100	 49H3	 078
100	 49H4	 078
100	 49H9	 078
100	 49IM	 078
100	 49LM	 078
100	 49MM	 078
100	 49NM	 078
100	 49PM	 078
100	 49WM	 078
100	 4EBA	 078
100	 4EBB	 078
100	 4EBC	 078
100	 4EBD	 078
100	 4IRA	 078
100	 4PS1	 074
100	 510	 051
