Table for profit centre derivation rules


MANDT	 PRCTR	 SEGMENT
X	 X	
Client	 Profit Center	 Segment for Segmental Reporting
MANDT-CLNT(3)	 PRCTR-CHAR(10)	 FB_SEGMENT-CHAR(10)
100	 	
100	 0000000011	 URE
100	 0000000013	 URE
100	 0000000014	 URE
100	 0000000015	 0000002310
100	 0000000017	 0000002110
100	 0000000018	 0000002110
100	 0000000019	 0000002110
100	 0000000020	 UMR
100	 0000000022	 UMR
100	 0000000023	 MRS
100	 0000000024	 CTH
100	 0000000025	 0000002410
100	 0000000026	 0000002110
100	 0000000027	 CTH
100	 0000000029	 CRS
100	 0000000031	 0000002410
100	 0000000032	 URE
100	 0000000033	 UMR
100	 0000000034	 0000002410
100	 0000000035	 0000002310
100	 0000000036	 0000002310
100	 0000000037	 0000002310
100	 0000000038	 0000002310
100	 0000000040	 APE
100	 0000000041	 APE
100	 0000000042	 APE
100	 0000000043	 CRS
100	 0000000044	 0000001110
100	 0000000046	 0000001110
100	 0000000047	 0000001110
100	 0000000050	 GAS
100	 0000000051	 0000001210
100	 0000000052	 0000001610
100	 0000000053	 GAE
100	 0000000056	 GAE
100	 0000000057	 0000001210
100	 0000000058	 0000001210
100	 0000000060	 0000003100
100	 0000000061	 0000003100
100	 0000000062	 0000003100
100	 0000000063	 0000003100
100	 0000000064	 0000003100
100	 0000000065	 0000003100
100	 0000000066	 0000003100
100	 0000000067	 0000003100
100	 0000000068	 0000003100
100	 0000000069	 0000003100
100	 0000000070	 0000002110
100	 0000000071	 0000002110
100	 0000000072	 URE
100	 0000000073	 0000002310
100	 0000000074	 0000002310
100	 0000000076	 0000002110
100	 0000000077	 0000002110
100	 0000000079	 0000003100
100	 0000000086	 0000002410
100	 0000000088	 0000002410
100	 0000000101	 SED
100	 0000000102	 SED
100	 0000000103	 SED
100	 0000000104	 SED
100	 0000000105	 SED
100	 0000000106	 SED
100	 0000000107	 SED
100	 0000000108	 SED
100	 0000000109	 SED
100	 0000000110	 SED
100	 0000000111	 SED
100	 0000000112	 SED
100	 0000000113	 SED
100	 0000000114	 SED
100	 0000000115	 SED
100	 0000000116	 SED
100	 0000000117	 SED
100	 0000000118	 SED
100	 0000000119	 SED
100	 0000000120	 SED
100	 0000000121	 SED
100	 0000000122	 SED
100	 0000000123	 SED
100	 0000000124	 SED
100	 0000000125	 SED
100	 0000000126	 SED
100	 0000000127	 SED
100	 0000000128	 SED
100	 0000000129	 SED
100	 0000000130	 SED
100	 0000000131	 SED
100	 0000000132	 SED
100	 0000000133	 SED
100	 0000000134	 SED
100	 0000000201	 URE
100	 0000000202	 MRS
100	 0000000203	 UMR
100	 0000000213	 URE
100	 0000000215	 0000002110
100	 0000000216	 URE
100	 0000000217	 0000002110
100	 0000000218	 0000002110
100	 0000000219	 0000002110
100	 0000000220	 0000002610
100	 0000000221	 URE
100	 0000000222	 URE
100	 0000000223	 URE
100	 0000000224	 URE
100	 0000000225	 URE
100	 0000000226	 URE
100	 0000000227	 URE
100	 0000000228	 URE
100	 0000000229	 URE
100	 0000000230	 URE
100	 0000000231	 URE
100	 0000000232	 0000002610
100	 0000000233	 URE
100	 0000000234	 URE
100	 0000000235	 URE
100	 0000000236	 URE
100	 0000000237	 URE
100	 0000000238	 URE
100	 0000000239	 URE
100	 0000000240	 CTH
100	 0000000241	 CTH
100	 0000000242	 CTH
100	 0000000243	 CTH
100	 0000000244	 CTH
100	 0000000245	 CTH
100	 0000000246	 CTH
100	 0000000247	 CTH
100	 0000000248	 CTH
100	 0000000249	 CTH
100	 0000000250	 0000002410
100	 0000000255	 0000002410
100	 0000000256	 0000002410
100	 0000000257	 0000002410
100	 0000000260	 MRS
100	 0000000261	 MRS
100	 0000000262	 MRS
100	 0000000263	 MRS
100	 0000000264	 MRS
100	 0000000265	 MRS
100	 0000000266	 MRS
100	 0000000269	 0000002110
100	 0000000271	 CRS
100	 0000000272	 CRS
100	 0000000274	 CRS
100	 0000000275	 CTH
100	 0000000280	 0000002310
100	 0000000281	 0000002310
100	 0000000286	 0000002310
100	 0000000290	 CRS
100	 0000000291	 CRS
100	 0000000292	 CRS
100	 0000000293	 CHS
100	 0000000294	 CRS
100	 0000000296	 CRS
100	 0000000297	 CRS
100	 0000000298	 CRS
100	 0000000299	 CRS
100	 0000000331	 0000003100
100	 0000000332	 0000003100
100	 0000000333	 0000003100
100	 0000000334	 0000003120
100	 0000000337	 0000003100
100	 0000000340	 0000002410
100	 0000000345	 0000002410
100	 0000000346	 0000002410
100	 0000000347	 0000002410
100	 0000000348	 0000002410
100	 0000000349	 0000002410
100	 0000000390	 0000003100
100	 0000000395	 0000003100
100	 0000000396	 0000003100
100	 0000000397	 0000003100
100	 0000000398	 0000003100
100	 0000000399	 0000003100
100	 0000000480	 0000001210
100	 0000000481	 0000001210
100	 0000000483	 0000001210
100	 0000000485	 0000001210
100	 0000000486	 0000001210
100	 0000000488	 0000001210
100	 0000000500	 GAS
100	 0000000501	 GAS
100	 0000000521	 0000001610
100	 0000000539	 GAS
100	 0000000541	 0000001210
100	 0000000542	 0000001210
100	 0000000543	 GPP
100	 0000000544	 GPP
100	 0000000545	 0000001210
100	 0000000546	 GPP
100	 0000000547	 GPP
100	 0000000550	 APW
100	 0000000551	 APE
100	 0000000552	 0000001110
100	 0000000553	 APW
100	 0000000554	 APW
100	 0000000555	 0000001210
100	 0000000556	 AIA
100	 0000000557	 AIA
100	 0000000558	 AIA
100	 0000000559	 AIA
100	 0000000571	 0000001210
100	 0000000573	 0000001210
100	 0000000575	 0000001210
100	 0000000577	 0000001210
100	 0000000583	 0000001210
100	 0000000588	 0000001210
100	 0000000595	 0000001610
100	 0000000596	 0000001110
100	 0000000597	 0000001210
100	 0000000598	 0000001211
100	 0000000599	 0000001210
100	 0000000702	 MRS
100	 0000000704	 0000002110
100	 0000000705	 MRS
100	 0000000706	 0000002110
100	 0000000707	 0000002110
100	 0000000708	 0000002110
100	 0000000709	 0000002110
100	 0000000712	 MRS
100	 0000000713	 MRS
100	 0000000718	 0000002110
100	 0000000719	 0000002110
100	 0000000721	 MRS
100	 0000000729	 URE
100	 0000000730	 URE
100	 0000000735	 0000002310
100	 0000000765	 0000003130
100	 0000000770	 0000003320
100	 0000000771	 0000003310
100	 0000000772	 0000003310
100	 0000000773	 0000003310
100	 0000000774	 0000003320
100	 0000000775	 0000003310
100	 0000000776	 0000003320
100	 0000000777	 0000003320
100	 0000000778	 0000003320
100	 0000000779	 0000003310
100	 0000000780	 0000003320
100	 0000000782	 0000003320
100	 0000000783	 0000003330
100	 0000000784	 0000003320
100	 0000000785	 0000003320
100	 0000000786	 0000003310
100	 0000000787	 0000003320
100	 0000000788	 0000003310
100	 0000000789	 0000003310
100	 0000000800	 0000002310
100	 0000000802	 0000002310
100	 0000000803	 0000002310
100	 0000000806	 0000002310
100	 0000000810	 UMR
100	 0000000811	 CRS
100	 0000000813	 CHS
100	 0000000814	 0000002310
100	 0000000815	 UMR
100	 0000000816	 0000003130
100	 0000000817	 0000003130
100	 0000000818	 0000002110
100	 0000000819	 0000002110
100	 0000000820	 MRS
100	 0000000826	 0000003130
100	 0000000827	 0000003130
100	 0000000828	 0000003300
100	 0000000829	 0000003300
100	 0000000830	 0000003320
100	 0000000831	 0000003310
100	 0000000832	 0000003310
100	 0000000833	 0000003310
100	 0000000834	 0000003320
100	 0000000835	 0000003310
100	 0000000836	 0000003310
100	 0000000837	 0000003310
100	 0000000838	 0000003310
100	 0000000839	 0000003310
100	 0000000841	 0000003310
100	 0000000842	 0000003310
100	 0000000843	 0000003330
100	 0000000844	 0000003310
100	 0000000845	 0000003330
100	 0000000846	 0000003130
100	 0000000847	 0000003130
100	 0000000848	 0000003310
100	 0000000849	 0000003310
100	 0000000850	 0000003320
100	 0000000851	 0000003320
100	 0000000856	 0000003130
100	 0000000857	 0000003130
100	 0000000866	 0000003130
100	 0000000879	 0000003320
100	 0000000880	 0000002740
100	 0000000881	 0000002740
100	 0000000882	 CRS
100	 0000000890	 0000003100
100	 0000000891	 0000003100
100	 0000000892	 0000003100
100	 0000000893	 0000003100
100	 0000000894	 0000003100
100	 0000000895	 0000003100
100	 0000000896	 0000003100
100	 0000000897	 0000003100
100	 0000000898	 0000003100
100	 0000000899	 0000003130
100	 0000001100	 AIA
100	 0000001110	 0000001110
100	 0000001120	 0000001120
100	 0000001200	 AIA
100	 0000001210	 0000001210
100	 0000001211	 0000001211
100	 0000001220	 0000001220
100	 0000001300	 AIA
100	 0000001310	 APW
100	 0000001311	 AW1
100	 0000001320	 0000001320
100	 0000001330	 APW
100	 0000001331	 AW1
100	 0000001400	 AIA
100	 0000001410	 0000001410
100	 0000001500	 AIA
100	 0000001510	 0000001510
100	 0000001600	 AIA
100	 0000001610	 0000001610
100	 0000001611	 0000001611
100	 0000001700	 AIA
100	 0000001800	 AIA
100	 0000001900	 AIA
100	 0000001910	 0000001910
100	 0000001911	 0000001911
100	 0000002000	 AIA
100	 0000002100	 AIA
100	 0000002110	 0000002110
100	 0000002120	 0000002120
100	 0000002200	 0000002200
100	 0000002310	 0000002310
100	 0000002410	 0000002410
100	 0000002420	 0000002420
100	 0000002510	 0000002510
100	 0000002610	 0000002610
100	 0000002710	 0000002710
100	 0000002720	 0000002720
100	 0000002730	 0000002730
100	 0000002740	 0000002740
100	 0000002910	 0000002910
100	 0000003100	 0000003100
100	 0000003110	 0000003110
100	 0000003120	 0000003120
100	 0000003130	 0000003130
100	 0000003210	 0000003210
100	 0000003300	 0000003300
100	 0000003310	 0000003310
100	 0000003320	 0000003320
100	 0000003330	 0000003330
100	 0000003910	 0000003910
100	 0000005000	 0000005210
100	 0000005004	 GAS
100	 0000005110	 0000005110
100	 0000005210	 0000005210
100	 0000005310	 0000005310
100	 0000005410	 0000005410
100	 0000005910	 0000005910
100	 0000009000	 0000009010
100	 0000009010	 0000009010
100	 0000009020	 0000009010
100	 0000009030	 0000009010
100	 0000009040	 0000009010
100	 0000009110	 0000009010
100	 0000009111	 0000009010
100	 0000009112	 0000009010
100	 0000009113	 0000009010
100	 0000009114	 0000009010
100	 0000009115	 0000009010
100	 0000009116	 0000009010
100	 0000009117	 0000009010
100	 0000009118	 0000009010
100	 0000009119	 0000009010
100	 0000009120	 0000009010
100	 0000009121	 0000009010
100	 0000009122	 0000009010
100	 0000009124	 0000009010
100	 0000009125	 0000009010
100	 0000009130	 0000009010
100	 0000009131	 0000009010
100	 0000009132	 0000009010
100	 0000009133	 0000009010
100	 0000009134	 0000009010
100	 0000009140	 0000009010
100	 0000009141	 0000009010
100	 0000009142	 0000009010
100	 0000009143	 0000009010
100	 0000009144	 0000009010
100	 0000009145	 0000009010
100	 0000009146	 0000009010
100	 0000009147	 0000009010
100	 0000009150	 ACBS
100	 0000009151	 ACBS
100	 0000009152	 ACBS
100	 0000009153	 ACBS
100	 0000009154	 ACBS
100	 0000009155	 ACBS
100	 0000009156	 ACBS
100	 0000009157	 ACBS
100	 0000009158	 ACBS
100	 0000009159	 ACBS
100	 0000009160	 ACBS
100	 0000009161	 ACBS
100	 0000009162	 ACBS
100	 0000009163	 ACBS
100	 0000009164	 ACBS
100	 0000009165	 ACBS
100	 0000009166	 ACBS
100	 0000009167	 ACBS
100	 0000009168	 ACBS
100	 0000009169	 ACBS
100	 0000009170	 ACBS
100	 0000009910	 0000009910
100	 0000009920	 0000009920
100	 0000009930	 0000009930
100	 0000009931	 0000009931
100	 0000996100	 0000009920
100	 0000996200	 0000009920
100	 0000996300	 0000009920
100	 0000996400	 0000009920
100	 0000996500	 0000009920
100	 101S	 SED
100	 102S	 SED
100	 103S	 SED
100	 104S	 SED
100	 105S	 SED
100	 106S	 SED
100	 107S	 SED
100	 108S	 SED
100	 109S	 SED
100	 10A	 MRS
100	 10AR	 0000002310
100	 10B	 MRS
100	 10BR	 0000002310
100	 10D	 MRS
100	 10HF	 0000005410
100	 10L	 0000005410
100	 10P	 RTE
100	 10Q	 RTE
100	 10R	 MRS
100	 10RR	 0000002310
100	 111S	 SED
100	 112S	 SED
100	 114S	 SED
100	 115S	 SED
100	 116S	 SED
100	 117S	 SED
100	 118S	 SED
100	 119S	 SED
100	 11L	 0000005410
100	 11R	 0000002310
100	 120S	 SED
100	 121S	 SED
100	 122S	 SED
100	 123S	 SED
100	 124S	 SED
100	 125S	 SED
100	 126S	 SED
100	 127S	 SED
100	 128S	 SED
100	 129S	 SED
100	 12C	 0000002310
100	 12L	 0000005410
100	 12P	 0000002110
100	 12Q	 0000002110
100	 12R	 MRS
100	 12T	 MRS
100	 130S	 SED
100	 131S	 SED
100	 132S	 SED
100	 133S	 SED
100	 134S	 SED
100	 13L	 0000005410
100	 14HF	 0000005410
100	 14L	 0000005410
100	 15AA	 0000002310
100	 15AB	 0000002310
100	 15AC	 0000002310
100	 15AD	 0000002310
100	 15AE	 0000002310
100	 15C	 URE
100	 15L	 0000005410
100	 15M	 0000002310
100	 15R	 0000002310
100	 16A	 MRS
100	 16AR	 0000002310
100	 16C	 MRS
100	 16CR	 0000002310
100	 16F	 MRS
100	 16HF	 0000005410
100	 16J	 MRS
100	 16JR	 0000002310
100	 16L	 0000005410
100	 17A	 0000002110
100	 17B	 MRS
100	 17F	 MRS
