Table for profit centre derivation rules


MANDT	 PRCTR	 SEGMENT	 YVALFROM	 YVALTO
X	 X	 X	 X	
MANDT-CLNT(3)	 PRCTR-CHAR(10)	 FB_SEGMENT-CHAR(10)	 TTE_DT_VALIDFR-DATS(8)	 DATS-DATS(8)
100	 0000000011	 UMR	 20120101	 20170131
100	 0000000011	 URE	 20170201	 99991231
100	 0000000013	 UMR	 20120101	 20170131
100	 0000000013	 URE	 20170201	 99991231
100	 0000000014	 UMR	 20120101	 20170131
100	 0000000014	 URE	 20170201	 99991231
100	 0000000015	 0000002310	 20140101	 99991231
100	 0000000023	 MRS	 20120101	 99991231
100	 0000000026	 0000002110	 20140101	 99991231
100	 0000000027	 0000002410	 20150101	 99991231
100	 0000000027	 0000002420	 20130101	 20141231
100	 0000000029	 CRS	 20120101	 99991231
100	 0000000032	 UMR	 20120101	 20170131
100	 0000000032	 URE	 20170201	 99991231
100	 0000000033	 UMR	 20120101	 99991231
100	 0000000040	 APE	 20170201	 99991231
100	 0000000040	 APW	 20160101	 20170131
100	 0000000041	 APE	 20170201	 99991231
100	 0000000041	 APW	 20160101	 20170131
100	 0000000042	 APE	 20170201	 99991231
100	 0000000042	 APW	 20160101	 20170131
100	 0000000050	 GAS	 20140101	 99991231
100	 0000000053	 GAE	 20140101	 99991231
100	 0000000056	 GAE	 20140101	 99991231
100	 0000000070	 0000002110	 20140101	 99991231
100	 0000000071	 0000002110	 20140101	 99991231
100	 0000000072	 UMR	 20140101	 20170131
100	 0000000072	 URE	 20170201	 99991231
100	 0000000073	 0000002310	 20140101	 99991231
100	 0000000074	 0000002310	 20140101	 99991231
100	 0000000201	 UMR	 20120101	 20170131
100	 0000000201	 URE	 20170201	 99991231
100	 0000000202	 MRS	 20120101	 99991231
100	 0000000203	 UMR	 20120101	 99991231
100	 0000000213	 UMR	 20120101	 20170131
100	 0000000213	 URE	 20170201	 99991231
100	 0000000216	 UMR	 20120101	 20170131
100	 0000000216	 URE	 20170201	 99991231
100	 0000000221	 UMR	 20120101	 20170131
100	 0000000221	 URE	 20170201	 99991231
100	 0000000222	 UMR	 20120101	 20170131
100	 0000000222	 URE	 20170201	 99991231
100	 0000000223	 UMR	 20120101	 20170131
100	 0000000223	 URE	 20170201	 99991231
100	 0000000224	 UMR	 20120101	 20170131
100	 0000000224	 URE	 20170201	 99991231
100	 0000000225	 UMR	 20120101	 20170131
100	 0000000225	 URE	 20170201	 99991231
100	 0000000226	 URE	 20170201	 99991231
100	 0000000227	 URE	 20170201	 99991231
100	 0000000228	 UMR	 20120101	 20170131
100	 0000000228	 URE	 20170201	 99991231
100	 0000000229	 UMR	 20120101	 20170131
100	 0000000229	 URE	 20170201	 99991231
100	 0000000230	 URE	 20170201	 99991231
100	 0000000231	 URE	 20170201	 99991231
100	 0000000233	 URE	 20170201	 99991231
100	 0000000234	 URE	 20170201	 99991231
100	 0000000235	 URE	 20170201	 99991231
100	 0000000236	 URE	 20170201	 99991231
100	 0000000237	 URE	 20170201	 99991231
100	 0000000238	 URE	 20170201	 99991231
100	 0000000239	 URE	 20170201	 99991231
100	 0000000240	 0000002410	 20150101	 99991231
100	 0000000242	 0000002410	 20150101	 99991231
100	 0000000243	 0000002410	 20150101	 99991231
100	 0000000245	 0000002410	 20150101	 99991231
100	 0000000249	 0000002410	 20150101	 99991231
100	 0000000249	 0000002420	 20121001	 20141231
100	 0000000250	 0000002410	 20150101	 99991231
100	 0000000256	 0000002410	 20150101	 99991231
100	 0000000265	 MRS	 20120101	 99991231
100	 0000000269	 0000002110	 20140101	 99991231
100	 0000000271	 CRS	 20120101	 99991231
100	 0000000272	 CRS	 20120101	 99991231
100	 0000000274	 CRS	 20120101	 99991231
100	 0000000290	 CRS	 20120101	 99991231
100	 0000000291	 CRS	 20120101	 99991231
100	 0000000292	 CRS	 20120101	 99991231
100	 0000000293	 CRS	 20120101	 99991231
100	 0000000296	 CRS	 20120101	 99991231
100	 0000000297	 CRS	 20120101	 99991231
100	 0000000298	 CRS	 20120101	 99991231
100	 0000000299	 CRS	 20120101	 99991231
100	 0000000345	 0000002410	 20150101	 99991231
100	 0000000543	 0000001210	 20120101	 20141231
100	 0000000543	 GPP	 20150101	 99991231
100	 0000000544	 0000001210	 20120101	 20141231
100	 0000000544	 GPP	 20150101	 99991231
100	 0000000545	 0000001210	 20120101	 20141231
100	 0000000546	 0000001210	 20120101	 20141231
100	 0000000546	 GPP	 20150101	 99991231
100	 0000000550	 APW	 20160101	 99991231
100	 0000000551	 APE	 20170201	 99991231
100	 0000000551	 APW	 20160101	 20170131
100	 0000000553	 APW	 20160101	 99991231
100	 0000000554	 APW	 20160101	 99991231
100	 0000000598	 0000001211	 20120601	 99991231
100	 0000000702	 MRS	 20120101	 99991231
100	 0000000704	 0000002110	 20140101	 99991231
100	 0000000705	 MRS	 20120101	 99991231
100	 0000000706	 0000002110	 20140101	 99991231
100	 0000000707	 0000002110	 20140101	 99991231
100	 0000000708	 0000002110	 20140101	 99991231
100	 0000000709	 0000002110	 20140101	 99991231
100	 0000000712	 MRS	 20120101	 99991231
100	 0000000713	 MRS	 20120101	 99991231
100	 0000000718	 0000002110	 20140101	 99991231
100	 0000000719	 0000002110	 20140101	 99991231
100	 0000000721	 MRS	 20120101	 99991231
100	 0000000729	 UMR	 20140101	 20170131
100	 0000000729	 URE	 20170201	 99991231
100	 0000000730	 URE	 20170201	 99991231
100	 0000000735	 0000002310	 20140101	 99991231
100	 0000000810	 UMR	 20120101	 99991231
100	 0000000811	 CRS	 20120101	 99991231
100	 0000000813	 CRS	 20120101	 99991231
100	 0000000814	 0000002310	 20140101	 99991231
100	 0000000815	 UMR	 20120101	 99991231
100	 0000000820	 MRS	 20120101	 99991231
100	 0000000880	 0000002740	 20150101	 99991231
100	 0000000880	 CRS	 20120101	 20141231
100	 0000000881	 0000002740	 20150101	 99991231
100	 0000000881	 CRS	 20120101	 20141231
100	 0000000882	 CRS	 20120101	 99991231
100	 0000001310	 APW	 20160101	 99991231
100	 0000001311	 AW1	 20160101	 99991231
100	 0000001330	 APW	 20160101	 99991231
100	 0000001331	 AW1	 20160101	 99991231
100	 10A	 MRS	 20120101	 99991231
100	 10B	 MRS	 20120101	 99991231
100	 10D	 MRS	 20120101	 99991231
100	 10R	 MRS	 20120101	 99991231
100	 12C	 0000002310	 20140101	 99991231
100	 12R	 MRS	 20120101	 99991231
100	 12T	 MRS	 20120101	 99991231
100	 15C	 UMR	 20140101	 20170131
100	 15C	 URE	 20170201	 99991231
100	 15M	 0000002310	 20140101	 99991231
100	 15R	 0000002310	 20140101	 99991231
100	 16A	 MRS	 20120101	 99991231
100	 16C	 MRS	 20120101	 99991231
100	 16F	 MRS	 20120101	 99991231
100	 16J	 MRS	 20120101	 99991231
100	 17B	 MRS	 20120101	 99991231
100	 17F	 MRS	 20120101	 99991231
100	 17N	 MRS	 20120101	 99991231
100	 17S	 MRS	 20120101	 99991231
100	 18B	 MRS	 20120101	 99991231
100	 19B	 MRS	 20120101	 99991231
100	 19J	 MRS	 20120101	 99991231
100	 21E	 MRS	 20120101	 99991231
100	 21ED	 MRS	 20120101	 99991231
100	 21EP	 MRS	 20120101	 99991231
100	 21EW	 MRS	 20120101	 99991231
100	 24A	 MRS	 20120101	 99991231
100	 24T	 URE	 20170201	 99991231
100	 272R	 0000002740	 20150101	 99991231
100	 30A	 MRS	 20120101	 99991231
100	 30M	 MRS	 20120101	 99991231
100	 40A	 APE	 20170201	 99991231
100	 40A	 APW	 20160101	 20170131
100	 40M	 APE	 20170201	 99991231
100	 40M	 APW	 20160101	 20170131
100	 40O	 APW	 20160101	 99991231
100	 40S	 APW	 20160101	 99991231
100	 40U	 AW1	 20160101	 99991231
100	 40X	 0000001310	 20130101	 20151231
100	 40X	 APE	 20170201	 99991231
100	 40X	 APW	 20160101	 20170131
100	 41A	 APW	 20160101	 99991231
100	 41B	 APE	 20170201	 99991231
100	 41B	 APW	 20160101	 20170131
100	 41H	 APE	 20170201	 99991231
100	 41H	 APW	 20160101	 20170131
100	 41M	 0000001310	 20130101	 20151231
100	 41M	 APE	 20170201	 99991231
100	 41M	 APW	 20160101	 20170131
100	 41O	 APE	 20170201	 99991231
100	 41O	 APW	 20160101	 20170131
100	 41U	 AW1	 20160101	 99991231
100	 41X	 0000001310	 20130101	 20151231
100	 41X	 APE	 20170201	 99991231
100	 41X	 APW	 20160101	 20170131
100	 42A	 APE	 20170201	 99991231
100	 42A	 APW	 20160101	 20170131
100	 42B	 APE	 20170201	 99991231
100	 42B	 APW	 20160101	 20170131
100	 42C	 APE	 20170201	 99991231
100	 42C	 APW	 20160101	 20170131
100	 42G	 APE	 20170201	 99991231
100	 42G	 APW	 20160101	 20170131
100	 42H	 APE	 20170201	 99991231
100	 42H	 APW	 20160101	 20170131
100	 42I	 APE	 20170201	 99991231
100	 42I	 APW	 20160101	 20170131
100	 42J	 APE	 20170201	 99991231
100	 42J	 APW	 20160101	 20170131
100	 42L	 APE	 20170201	 99991231
100	 42L	 APW	 20160101	 20170131
100	 42M	 APE	 20170201	 99991231
100	 42M	 APW	 20160101	 20170131
100	 42Q	 APE	 20170201	 99991231
100	 42Q	 APW	 20160101	 20170131
100	 42S	 APW	 20160101	 99991231
100	 42U	 AW1	 20160101	 99991231
100	 42X	 0000001330	 20120601	 20151231
100	 42X	 APE	 20170201	 99991231
100	 42X	 APW	 20160101	 20170131
100	 42Y	 APE	 20170201	 99991231
100	 42Y	 APW	 20160101	 20170131
100	 45A	 AVR	 20140201	 99991231
100	 45H	 QAM	 20120101	 99991231
100	 45V	 QAM	 20120101	 99991231
100	 46H	 QAM	 20120101	 99991231
100	 46P	 QAM	 20120101	 99991231
100	 49J	 0000001611	 20120601	 99991231
100	 49M	 0000001611	 20120601	 99991231
100	 49V	 0000001611	 20120601	 99991231
100	 49Y	 0000001611	 20120601	 99991231
100	 4C	 APE	 20170201	 99991231
100	 4EB	 0000001611	 20120601	 99991231
100	 4LX	 APE	 20170201	 99991231
100	 4LX	 APW	 20160101	 20170131
100	 4PF	 APE	 20170201	 99991231
100	 4PI	 APE	 20170201	 99991231
100	 4PP	 APE	 20170201	 99991231
100	 4PP	 APW	 20160101	 20170131
100	 4PS	 APE	 20170201	 99991231
100	 4PS	 APW	 20160101	 20170131
100	 4PV	 APE	 20170201	 99991231
100	 4PZ	 APE	 20170201	 99991231
100	 50A	 GAS	 20140101	 99991231
100	 50B	 GAS	 20140101	 99991231
100	 50M	 GAS	 20140101	 99991231
100	 50S	 GAS	 20140101	 99991231
100	 50T	 GAS	 20140101	 99991231
100	 50U	 GAS	 20140101	 99991231
100	 50V	 GAS	 20140101	 99991231
100	 51M	 0000001120	 20150101	 99991231
100	 51M	 0000001211	 20120601	 20141231
100	 51T	 0000001120	 20150101	 99991231
100	 51T	 0000001211	 20120601	 20141231
100	 51Y	 0000001120	 20150101	 99991231
100	 51Y	 0000001211	 20120601	 20141231
100	 52O	 GPP	 20150101	 99991231
100	 52U	 GPP	 20150101	 99991231
100	 52V	 0000001611	 20120601	 99991231
100	 53B	 GAE	 20140101	 99991231
100	 56M	 GAE	 20140101	 99991231
100	 58K	 0000001211	 20120601	 99991231
100	 58R	 0000001120	 20150101	 99991231
100	 58R	 0000001211	 20120601	 20141231
100	 58Z	 0000001120	 20150101	 99991231
100	 58Z	 0000001211	 20120601	 20141231
100	 71C	 0000002110	 20140101	 99991231
100	 73A	 0000002310	 20140101	 99991231
100	 73B	 0000002310	 20140101	 99991231
100	 73C	 0000002310	 20140101	 99991231
100	 73D	 0000002310	 20140101	 99991231
100	 73E	 0000002310	 20140101	 99991231
100	 73F	 0000002310	 20140101	 99991231
100	 73G	 0000002310	 20140101	 99991231
100	 74A	 0000002310	 20140101	 99991231
100	 74B	 0000002310	 20140101	 99991231
100	 811P	 0000002740	 20150101	 99991231
100	 81A	 MRS	 20120101	 99991231
100	 81B	 CRS	 20120101	 99991231
100	 81D	 MRS	 20120101	 99991231
100	 81E	 MRS	 20120101	 99991231
100	 81F	 MRS	 20120101	 99991231
100	 81K	 MRS	 20120101	 99991231
100	 81P	 0000002740	 20150101	 99991231
100	 81P	 CRS	 20120101	 20141231
100	 82A	 MRS	 20120101	 99991231
100	 82B	 CRS	 20120101	 99991231
100	 82D	 MRS	 20120101	 99991231
100	 82E	 MRS	 20120101	 99991231
100	 82F	 MRS	 20120101	 99991231
100	 82K	 MRS	 20120101	 99991231
100	 82P	 0000002740	 20150101	 99991231
100	 82P	 CRS	 20120101	 20141231
100	 84A	 MRS	 20120101	 99991231
100	 85A	 MRS	 20120101	 99991231
100	 85B	 CRS	 20120101	 99991231
100	 85D	 MRS	 20120101	 99991231
100	 85E	 MRS	 20120101	 99991231
100	 85F	 MRS	 20120101	 99991231
100	 85K	 MRS	 20120101	 99991231
100	 85P	 0000002740	 20150101	 99991231
100	 85P	 CRS	 20120101	 20141231
100	 86A	 MRS	 20120101	 99991231
100	 86F	 MRS	 20120101	 99991231
100	 86K	 MRS	 20120101	 99991231
100	 87TA	 0000002410	 20150101	 99991231
100	 87TF	 0000002410	 20150101	 99991231
100	 87TI	 0000002410	 20150101	 99991231
100	 87TJ	 0000002410	 20150101	 99991231
100	 87TU	 0000002410	 20150101	 99991231
100	 88TQ	 0000002410	 20150101	 99991231
100	 88Y	 0000002740	 20150101	 99991231
100	 88Y	 CRS	 20120101	 20141231
100	 88Z	 CRS	 20120101	 99991231
100	 89A	 MRS	 20120101	 99991231
100	 89B	 CRS	 20120101	 99991231
100	 89D	 MRS	 20120101	 99991231
100	 89E	 MRS	 20120101	 99991231
100	 89F	 MRS	 20120101	 99991231
100	 89K	 MRS	 20120101	 99991231
100	 89P	 0000002740	 20150101	 99991231
100	 89P	 CRS	 20120101	 20141231
100	 8CUR	 0000002740	 20150101	 99991231
100	 8EUA	 0000001310	 20150101	 20151231
100	 8EUA	 APW	 20160101	 99991231
100	 8EUC	 0000002410	 20150101	 99991231
100	 8EUR	 0000002740	 20150101	 99991231
100	 8SCG	 GPP	 20150101	 99991231
100	 8SCI	 GPP	 20150101	 99991231
